.Random.seed <-
c(403L, 11L, 2019676569L, 421273131L, -1365170406L, 1179278812L, 
848905183L, 612000693L, -1636729524L, 1143176098L, -2103676163L, 
1454468087L, -1069779682L, 1127987160L, 455780667L, -1001333031L, 
2140713576L, -1551969386L, 1416574737L, 2080133315L, 1436594386L, 
-1608501916L, -643651417L, -994025987L, -826974220L, 272369882L, 
271731237L, 30934847L, -1609784122L, 1685723472L, -2042123917L, 
137728913L, 428631488L, -1704484962L, 509133161L, 588640667L, 
2070422698L, -1763704116L, 1830898575L, -832622651L, -1759751300L, 
-1550087214L, -1507120307L, 1380792839L, -1854510610L, 388416712L, 
1381026763L, -1206673879L, 1651168376L, -343830106L, -241093695L, 
-769597357L, 832734978L, 1874637364L, 2746295L, -1380640851L, 
218744004L, 368658666L, 1025953621L, 430702831L, 1423197942L, 
212308512L, -398215197L, -1064551295L, 1967979248L, 1196986766L, 
-1685242119L, -609932149L, -1246882630L, 1105956796L, 482626815L, 
433045589L, 2059637612L, -526791742L, 1942944797L, -1886151529L, 
-722437634L, 887953848L, 1082660251L, 1812528121L, 1576362824L, 
-1390334346L, -57448527L, -491931165L, -548843854L, 272081668L, 
720126023L, -1990850787L, -1582350956L, 1378320698L, 598687109L, 
70800991L, 1120354534L, -2024340624L, -2135595885L, -409485007L, 
-381974560L, -1699976066L, -1962467575L, 29081915L, -1470700278L, 
-1796834068L, 1643350383L, -674787675L, 643874908L, 160143410L, 
1282010925L, -481731097L, -1330421490L, 11126504L, 1556531435L, 
-1762063991L, -672155368L, 341486662L, 645919905L, -1068770509L, 
-1534467422L, 1486428564L, 411174935L, -1410027507L, -592382684L, 
-811527926L, -947255179L, -2134801457L, 149255382L, -1175034752L, 
820566723L, 2108073057L, 736707792L, 1095136814L, -103634983L, 
-687863829L, -826868134L, -71215076L, -1556757217L, -589585035L, 
-1582418932L, 129799650L, 2137827005L, -1389600457L, -511564322L, 
-2047149288L, 302510715L, 1506590745L, -1087866712L, 454048342L, 
500934353L, -958781821L, -1148355310L, -613291868L, 762234983L, 
1039493565L, 1953899316L, 2120575130L, -1706414363L, -337213313L, 
-29081082L, 242609552L, 783937587L, -925868079L, -1639090816L, 
-1687021474L, 1332017065L, -1449103781L, -917966230L, 1213251340L, 
-431425201L, 835256837L, 1448693948L, -1104733806L, -1546382707L, 
436363463L, -1400687186L, 1766539272L, -571706357L, 564990185L, 
-176386120L, -1485150106L, 844241153L, -1551765613L, -1886986174L, 
155723764L, 1154413047L, 1620260333L, -1513752956L, -701658966L, 
295032341L, 496528047L, -99991370L, -803447072L, 1354809891L, 
-1879364287L, 830468144L, 975489614L, 1834086073L, 689674955L, 
-1268450438L, -1980740996L, 1227923135L, 504940437L, -1171873876L, 
2090655106L, -891526307L, -887017897L, 553905470L, -1829610120L, 
-933999013L, -2066044487L, -1013752824L, 648603318L, 822097393L, 
1822018595L, -1904262030L, 1242568388L, -41979769L, -1540434851L, 
-34563500L, 334811258L, -366791739L, 1282155807L, -916003674L, 
-1062160848L, 1946512595L, -1814412559L, 2076480032L, -490138434L, 
-949641015L, 58253947L, 1206970442L, -1861919812L, 1505258802L, 
1728636864L, 1974871604L, -990645304L, 137833658L, 1921179536L, 
265839084L, 1764541524L, 1788271250L, 939846432L, 2011417036L, 
-1879710752L, -2080821566L, -1829657048L, -279789908L, -1556156740L, 
1788514802L, -455003856L, -881182556L, 388356792L, -385652902L, 
508206480L, 780791164L, -792549100L, 1037358402L, 913699584L, 
1785840572L, 734483280L, 265997602L, -508282552L, -1495094260L, 
-360004516L, 710862034L, -199404544L, -217147564L, -1491633688L, 
-1774869510L, 1285841616L, -54162132L, 1418192116L, 1591051154L, 
1496380512L, 1444817164L, -2026560800L, -1559925406L, -1268463960L, 
-350511540L, 1992172412L, -1101918414L, -1254577552L, 296427844L, 
-403925032L, -1819683718L, -462370256L, 1511110332L, -1258653868L, 
514909762L, -1655408736L, 1640670396L, 329097680L, -1278865054L, 
-388362264L, 1162351564L, 43132668L, -184884238L, 1881009280L, 
209258740L, -1817182072L, 1314693434L, -575829168L, -147488660L, 
-1430766444L, -824621742L, 1648143072L, 704326860L, -109898592L, 
1494906242L, -1150384920L, -1764809492L, 2069469244L, -329347982L, 
239778928L, 1430999588L, -1651554760L, -1838030310L, 1379749072L, 
695922236L, -841172844L, 1628193922L, -649419840L, -1722390212L, 
443428496L, -389131230L, 475160584L, -2009840500L, 1422965788L, 
701849746L, 1361599616L, -760075244L, -1839048920L, -2116796358L, 
-2104362800L, 1553625196L, -438270284L, -368882670L, 1821705184L, 
435524556L, -1851164192L, -2054043614L, 1350880552L, 1066332428L, 
-2141048260L, -784840462L, 374230256L, 795819844L, -143713192L, 
-1474023878L, 32913648L, -476174660L, 44786196L, -2002791230L, 
-2065065376L, -767422084L, -1231278896L, 1901015074L, -180890456L, 
1200509324L, 523690428L, -1492939726L, 997478208L, -1705071948L, 
1160949064L, -85166406L, 1021549328L, 1241925868L, -1097946028L, 
-1265761518L, 1352920480L, -1190283316L, -1496577184L, 1076448450L, 
1475551784L, 149503404L, -1356987588L, -732287118L, 947912496L, 
-1700864988L, -757992904L, 544704218L, -1709808752L, 501166332L, 
1750690196L, -1019135166L, 585978368L, 369603644L, -864368048L, 
-1978239838L, 857565000L, -700553716L, -1869539620L, -301277102L, 
1251176576L, 783405908L, 2115793896L, 830632698L, -847999152L, 
-1275842516L, 237613428L, 2002627218L, 148623968L, 764959884L, 
920669536L, 1945755874L, 1112275112L, -378379572L, -989886980L, 
-718964814L, 1663447024L, 1285307844L, -1751439016L, 320466298L, 
386620848L, -287876676L, -1508840876L, 428101058L, 2096884512L, 
-1942271044L, -713706416L, -1572833310L, -718038168L, 284550988L, 
-1584039172L, 1609839346L, 1019334912L, -629869452L, -1933395448L, 
1552048570L, 1968724432L, 186258412L, 1309161364L, -827366190L, 
-1892405152L, -248932020L, 1970945824L, -1470610814L, 1821946344L, 
788890604L, -615432644L, 1156903538L, 2122446704L, 369148196L, 
136642104L, -753234534L, 1404687824L, 181957052L, 2106661524L, 
1386976898L, 768121280L, -468836548L, -381475184L, -481336542L, 
-113578488L, -657774836L, 1517846428L, 1210464274L, -661822592L, 
-873415676L, -69846091L, 377066655L, -1565875976L, -940427050L, 
-1679707805L, 465255717L, -1069389118L, 1808893872L, -1229218855L, 
1178572107L, -141438020L, -1017054230L, 660036639L, -1969988951L, 
1168428606L, -1339063508L, -1501090435L, -1691728953L, 1338643120L, 
1348341966L, 1641335291L, 486328925L, -238557814L, -957891160L, 
-693681391L, 1651143171L, -994900732L, 5030194L, -783855737L, 
-1188028975L, 61607766L, -1943392972L, -1219795899L, -1022980977L, 
165448200L, -1721276890L, 1577713363L, 1774907445L, 204177298L, 
363102048L, -1809634615L, 1517968891L, -669570612L, -1252130726L, 
155557199L, -914484199L, 1875745326L, 1509947452L, 1816423853L, 
-5992873L, -1717141600L, -84353794L, 1454800843L, -1685792307L, 
-328344326L, -1094963400L, -494527263L, -630059117L, -556153932L, 
361031874L, 1590283479L, -550401759L, -1736671002L, 392422884L, 
1902846229L, 1408776511L, -1781242664L, -565326602L, -213305597L, 
-1869230011L, 602615906L, -1719470128L, 444255481L, 2134951467L, 
-368578148L, -710372918L, -1763118401L, -394705911L, 813069598L, 
1347926220L, 666545309L, 884527399L, -45737136L, -726833682L, 
1686618779L, 1051829501L, -1933612054L, -590164856L, -1601138127L, 
-952327005L, 706226340L, 2084141394L, 1257161895L, 1433624817L, 
1817155638L, 1787087060L, -662012827L, 1060320879L, 1894471848L, 
-1179351546L, 1275995955L, -1154301035L, -378587150L, -1043442624L, 
505589161L, 940164123L, -11288084L, -767870470L, 367124015L, 
1282148921L, -653130674L, -159380324L, 650821133L, 1280574071L, 
-34393472L, -1480701730L, 1549657003L, 628812973L, 1165840666L, 
851576280L, 1475223105L, -801917709L, 2129486612L, -932343134L, 
-2064331849L, -997767295L, -880734842L, 1946296260L, 1993925365L, 
159176543L, 468482488L, 1830125718L, 1903609507L, 1968744549L, 
-319496830L, -362471696L, 1190318745L, 1188320907L, 763893628L, 
-218670678L, -1872858657L, 887801705L, -1069518978L, -1774962836L, 
1385262013L, 790640775L, 1595430000L, -576966898L, -340470725L, 
